image: /home/ros/map.pgm
resolution: 0.050000
origin: [-19.000000, -17.600000, 0.000000]
negate: 0
occupied_thresh: 0.65
free_thresh: 0.196

