image: /home/jobs/mecAGV/src/agv/maps/map126.pgm
resolution: 0.050000
origin: [-34.600000, -36.200000, 0.000000]
negate: 0
occupied_thresh: 0.65
free_thresh: 0.196

