image: mymap.pgm
resolution: 0.080000
origin: [-53.0000, -45.0000000, 0.000000]
negate: 0
occupied_thresh: 0.65
free_thresh: 0.196

